						Earth VS Aliens War Report

Td			ID   				Tj				Df				Dd				Db
2			2009   				1				1				0				1
3			2021   				2				0				1				1
4			2016   				2				1				1				2
4			2019   				2				1				1				2
5			2000   				1				1				3				4
5			2005   				1				1				3				4
5			2008   				1				2				2				4
5			2037   				4				0				1				1
6			2011   				2				0				4				4
6			2013   				2				0				4				4
6			2015   				2				0				4				4
6			3   				2				H				0				4
7			2038   				4				2				1				3
7			2060   				6				0				1				1
7			2061   				6				0				1				1
7			2055   				6				0				1				1
7			2057   				6				0				1				1
8			2002   				1				3				4				7
8			2044   				5				0				3				3
8			2047   				5				0				3				3
9			45   				9				H				0				0
9			2030   				3				2				4				6
10			26   				6				1				3				4
10			9   				2				0				8				8
10			2007   				1				2				7				9
11			2095   				10				0				1				1
11			2096   				10				0				1				1
12			2036   				4				3				5				8
12			2058   				6				1				5				6
12			2069   				8				3				1				4
12			2022   				3				1				8				9
12			2032   				3				6				3				9
12			2087   				9				0				3				3
13			2045   				5				3				5				8
13			2023   				3				1				9				10
13			2024   				3				1				9				10
13			2026   				3				1				9				10
14			2027   				3				1				10				11
14			2029   				3				1				10				11
15			2018   				2				6				7				13
16			2049   				5				0				11				11
16			2131   				15				0				1				1
16			2130   				15				0				1				1
16			2129   				15				0				1				1
16			2123   				15				0				1				1
17			2031   				3				2				12				14
17			2039   				4				9				4				13
17			2067   				8				2				7				9
17			2116   				14				0				3				3
17			2115   				14				0				3				3
17			2114   				14				0				3				3
17			2056   				6				4				7				11
17			2059   				6				4				7				11
18			2062   				6				5				7				12
18			2034   				4				2				12				14
18			2035   				4				2				12				14
19			2040   				4				3				12				15
19			2042   				4				3				12				15
19			2043   				4				3				12				15
19			2113   				14				4				1				5
19			2142   				18				0				1				1
19			2138   				18				0				1				1
19			2141   				18				0				1				1
20			2070   				8				5				7				12
20			2127   				15				1				4				5
20			2148   				19				0				1				1
20			2153   				19				0				1				1
20			2135   				18				0				2				2
20			2108   				13				0				7				7
22			2072   				8				5				9				14
22			2121   				15				3				4				7
22			2161   				21				0				1				1
22			2164   				21				0				1				1
22			2048   				5				3				14				17
23			2155   				21				2				0				2
24			2051   				5				4				15				19
24			2052   				5				4				15				19
24			2132   				18				2				4				6
24			2184   				23				0				1				1
24			2181   				23				0				1				1
24			2053   				5				4				15				19
24			2054   				5				4				15				19
25			2097   				10				7				8				15
25			2151   				19				4				2				6
26			2063   				6				5				15				20
26			2064   				6				5				15				20
26			2065   				6				5				15				20
26			2103   				13				11				2				13
26			2190   				25				0				1				1
27			2066   				8				4				15				19
27			2094   				10				5				12				17
27			2102   				13				0				14				14
27			2202   				26				0				1				1
27			2068   				8				5				14				19
27			2071   				8				5				14				19
28			2109   				13				1				14				15
29			2120   				14				0				15				15
29			2230   				28				0				1				1
29			193   				25				H				0				4
30			2073   				8				5				17				22
30			2112   				14				2				14				16
30			2111   				14				8				8				16
30			2119   				14				8				8				16
31			2139   				18				3				10				13
31			2245   				30				0				1				1
31			2246   				30				0				1				1
31			2077   				9				5				17				22
32			2125   				15				8				9				17
32			2078   				9				6				17				23
32			2260   				31				0				1				1
32			2253   				31				0				1				1
32			2258   				31				0				1				1
32			2080   				9				6				17				23
32			2082   				9				6				17				23
32			2083   				9				6				17				23
33			2086   				9				6				18				24
34			169   				22				H				0				12
34			2089   				10				7				17				24
34			2091   				10				7				17				24
34			2092   				10				7				17				24
35			2088   				10				7				18				25
35			2284   				34				0				1				1
35			2098   				10				7				18				25
36			2171   				22				5				9				14
36			2173   				22				0				14				14
36			2293   				35				0				1				1
37			2303   				36				0				1				1
38			2169   				22				5				11				16
38			2263   				31				5				2				7
39			2099   				13				6				20				26
41			2350   				40				0				1				1
41			299   				41				H				0				0
41			2166   				22				7				12				19
41			2167   				22				7				12				19
42			2215   				27				1				14				15
42			2351   				40				0				2				2
42			2344   				40				0				2				2
42			2345   				40				0				2				2
43			2118   				14				8				21				29
43			2214   				27				8				8				16
43			2272   				33				9				1				10
43			2137   				18				8				17				25
44			2124   				15				8				21				29
44			2106   				13				31				0				31
44			2128   				15				8				21				29
45			2189   				25				8				12				20
45			2372   				44				0				1				1
45			2371   				44				0				1				1
45			2370   				44				0				1				1
45			2369   				44				0				1				1
46			2294   				35				3				8				11
48			2134   				18				7				23				30
49			2323   				38				9				2				11
49			2404   				48				0				1				1
50			2136   				18				8				24				32
50			2144   				19				7				24				31
50			2145   				19				7				24				31
50			2117   				14				0				36				36
50			2405   				48				0				2				2
50			2146   				19				7				24				31
50			2147   				19				7				24				31
52			2367   				44				2				6				8
52			2413   				51				0				1				1
53			2154   				21				20				12				32
54			2149   				19				8				27				35
54			2152   				19				8				27				35
54			2445   				54				0				0				0
54			2220   				28				11				15				26
55			2229   				28				11				16				27
55			2160   				21				7				27				34
55			2162   				21				7				27				34
55			2163   				21				7				27				34
56			2232   				29				11				16				27
56			2233   				29				11				16				27
56			2235   				29				11				16				27
56			2224   				28				26				2				28
56			2461   				55				0				1				1
56			2236   				29				11				16				27
56			2238   				29				11				16				27
57			2170   				22				7				28				35
57			2172   				22				7				28				35
58			24   				6				2				50				52
58			2143   				19				20				19				39
58			2468   				57				0				1				1
58			366   				47				H				0				11
58			2248   				30				12				16				28
58			2250   				30				12				16				28
59			2174   				22				8				29				37
59			2240   				29				18				12				30
59			2477   				58				0				1				1
59			2469   				57				0				2				2
59			2476   				58				0				1				1
59			2175   				22				8				29				37
60			2126   				15				0				45				45
60			2467   				57				2				1				3
60			2183   				23				8				29				37
60			2185   				23				8				29				37
61			2186   				23				8				30				38
62			2188   				25				8				29				37
62			2191   				25				8				29				37
62			2193   				25				25				12				37
63			2313   				37				11				15				26
63			2505   				62				0				1				1
63			2504   				62				0				1				1
63			2192   				25				9				29				38
63			2194   				25				9				29				38
64			2357   				43				9				12				21
64			2028   				3				1				60				61
64			2503   				62				1				1				2
64			2500   				62				1				1				2
65			2195   				25				9				31				40
65			2196   				25				9				31				40
65			2262   				31				17				17				34
65			2513   				64				0				1				1
66			2197   				25				9				32				41
66			2376   				46				13				7				20
66			2511   				64				0				2				2
66			2490   				61				0				5				5
67			2423   				52				4				11				15
67			2199   				26				9				32				41
67			2201   				26				9				32				41
68			2373   				44				9				15				24
69			2338   				39				22				8				30
70			2305   				36				4				30				34
71			2093   				10				11				50				61
71			2431   				53				16				2				18
72			2360   				43				2				27				29
72			2581   				71				0				1				1
72			2571   				70				0				2				2
72			463   				63				H				0				9
72			2209   				27				10				35				45
72			2211   				27				10				35				45
73			2319   				38				14				21				35
74			2203   				26				24				24				48
74			2589   				73				0				1				1
74			2591   				73				0				1				1
74			2588   				73				0				1				1
74			360   				46				H				0				28
74			2212   				27				11				36				47
74			2219   				27				11				36				47
75			2334   				39				15				21				36
75			2339   				39				15				21				36
76			2228   				28				11				37				48
76			2356   				43				6				27				33
77			2343   				40				15				22				37
77			2346   				40				15				22				37
77			2349   				40				15				22				37
78			2239   				29				12				37				49
78			2241   				29				12				37				49
79			2243   				30				12				37				49
79			2244   				30				12				37				49
79			2354   				43				16				20				36
79			2254   				31				12				36				48
79			2255   				31				12				36				48
79			2257   				31				12				36				48
80			2578   				71				5				4				9
80			2646   				79				0				1				1
80			2648   				79				0				1				1
80			559   				75				H				0				5
81			2264   				33				11				37				48
81			2266   				33				11				37				48
81			2268   				33				11				37				48
81			2271   				33				12				36				48
82			2187   				25				8				49				57
82			2210   				27				10				45				55
82			2651   				81				0				1				1
82			2650   				81				0				1				1
82			2645   				79				1				2				3
83			2275   				34				12				37				49
83			2276   				34				12				37				49
83			2406   				48				14				21				35
84			2225   				28				13				43				56
84			2280   				34				24				26				50
84			2670   				83				0				1				1
85			2677   				84				0				1				1
85			2668   				83				0				2				2
86			2287   				35				12				39				51
86			2288   				35				12				39				51
87			2289   				35				12				40				52
87			2453   				55				4				28				32
87			2247   				30				33				24				57
87			2691   				86				0				1				1
87			2692   				86				0				1				1
88			110   				15				6				67				73
88			2158   				21				5				62				67
88			2399   				48				18				22				40
88			2403   				48				18				22				40
89			2330   				39				17				33				50
90			2291   				35				13				42				55
90			2156   				21				13				56				69
90			2709   				89				0				1				1
90			2713   				89				0				1				1
90			585   				81				H				0				9
90			2297   				36				12				42				54
91			2298   				36				13				42				55
91			2299   				36				13				42				55
92			2300   				36				13				43				56
92			2301   				36				13				43				56
93			2747   				92				0				1				1
93			2302   				36				13				44				57
94			2754   				93				0				1				1
94			2749   				93				0				1				1
94			2304   				36				13				45				58
94			2308   				37				13				44				57
94			2311   				37				13				44				57
95			2769   				94				0				1				1
95			2765   				94				0				1				1
96			2411   				51				18				27				45
97			2458   				55				35				7				42
97			2312   				37				14				46				60
98			2314   				37				14				47				61
98			2317   				37				14				47				61
98			2418   				52				18				28				46
98			2419   				52				18				28				46
98			2265   				33				4				61				65
98			2791   				97				0				1				1
98			2789   				97				0				1				1
98			2787   				97				0				1				1
98			2783   				97				0				1				1
99			2420   				52				19				28				47
99			2421   				52				19				28				47
99			2422   				52				20				27				47
99			2475   				58				5				36				41
99			2318   				37				15				47				62
100			2449   				54				42				4				46
100			2252   				30				22				48				70
101			2322   				38				15				48				63
101			2325   				38				15				48				63
101			2328   				38				15				48				63
102			2329   				38				15				49				64
102			2483   				58				30				14				44
102			2821   				101				0				1				1
102			2823   				101				0				1				1
103			2309   				37				14				52				66
104			2208   				26				3				75				78
104			2833   				103				0				1				1
104			2834   				103				0				1				1
105			138   				19				9				77				86
105			2837   				104				0				1				1
105			2841   				104				0				1				1
105			743   				99				H				0				6
106			2331   				39				16				51				67
106			2395   				47				27				32				59
107			2723   				90				13				4				17
107			2857   				106				0				1				1
107			2464   				57				20				30				50
108			2213   				27				6				75				81
108			2306   				36				51				21				72
108			2868   				107				0				1				1
108			2866   				107				0				1				1
108			2865   				107				0				1				1
108			2853   				106				0				2				2
109			2470   				57				21				31				52
109			2471   				57				21				31				52
109			2278   				34				19				56				75
109			2854   				106				0				3				3
109			2832   				103				0				6				6
109			2852   				106				0				3				3
110			108   				15				6				89				95
110			2324   				38				13				59				72
110			806   				107				H				0				3
110			2480   				58				20				32				52
111			2234   				29				44				38				82
111			2875   				110				0				1				1
111			2878   				110				0				1				1
111			2872   				110				0				1				1
111			2874   				110				0				1				1
112			2363   				44				16				52				68
112			2366   				44				16				52				68
112			684   				92				H				0				20
113			2355   				43				23				47				70
113			2890   				112				0				1				1
113			2886   				112				0				1				1
113			2883   				112				0				1				1
113			2882   				112				0				1				1
114			2402   				48				45				21				66
114			355   				46				H				0				68
115			2717   				90				15				10				25
115			2206   				26				86				3				89
115			2898   				114				0				1				1
116			2907   				115				0				1				1
117			2605   				76				35				6				41
119			192   				25				15				79				94
119			2945   				118				0				1				1
119			2943   				118				0				1				1
120			2923   				116				1				3				4
120			872   				116				H				0				4
120			2386   				47				17				56				73
120			2390   				47				17				56				73
121			2391   				47				17				57				74
121			2182   				23				2				96				98
121			2952   				120				0				1				1
122			2150   				19				11				92				103
123			2273   				33				35				55				90
123			2762   				94				3				26				29
123			2718   				90				5				28				33
123			2876   				110				5				8				13
123			2973   				122				0				1				1
123			2975   				122				0				1				1
123			2972   				122				0				1				1
124			2523   				65				21				38				59
124			2758   				93				5				26				31
125			2396   				48				18				59				77
125			2295   				35				26				64				90
125			2100   				13				9				103				112
126			2533   				67				21				38				59
126			2860   				107				2				17				19
126			2654   				81				20				25				45
126			2997   				125				0				1				1
126			2995   				125				0				1				1
126			2994   				125				0				1				1
126			2990   				125				0				1				1
127			2705   				89				2				36				38
127			2988   				124				0				3				3
127			2987   				124				0				3				3
127			2986   				124				0				3				3
127			2984   				124				0				3				3
127			910   				122				H				0				5
128			2545   				68				22				38				60
128			2548   				68				22				38				60
128			2971   				122				0				6				6
128			2963   				121				0				7				7
129			2982   				124				4				1				5
129			2980   				124				4				1				5
129			2946   				120				0				9				9
129			905   				122				H				0				7
130			2484   				61				3				66				69
130			2536   				67				3				60				63
130			2964   				121				0				9				9
130			2935   				118				1				11				12
131			2653   				81				2				48				50
131			2559   				69				59				3				62
131			2676   				84				42				5				47
131			2962   				121				0				10				10
131			2932   				117				0				14				14
132			2587   				73				40				19				59
132			2948   				120				0				12				12
132			2936   				118				1				13				14
132			2556   				69				24				39				63
133			2934   				117				0				16				16
133			2893   				114				0				19				19
134			2928   				117				15				2				17
134			2926   				117				15				2				17
135			2727   				91				41				3				44
135			2610   				76				27				32				59
136			2930   				117				18				1				19
136			2869   				110				25				1				26
137			2444   				54				58				25				83
137			2820   				101				1				35				36
138			2408   				51				18				69				87
138			2900   				114				12				12				24
138			2927   				117				20				1				21
138			2817   				101				36				1				37
139			2409   				51				18				70				88
139			2410   				51				18				70				88
139			2924   				117				20				2				22
140			2814   				101				38				1				39
140			2810   				100				0				40				40
140			2920   				116				0				24				24
140			2800   				99				0				41				41
141			2910   				115				0				26				26
141			2906   				115				0				26				26
141			2780   				96				0				45				45
142			2417   				51				19				72				91
142			2793   				99				42				1				43
142			2776   				96				0				46				46
143			2576   				71				27				45				72
143			2745   				92				0				51				51
144			90   				14				6				124				130
144			2543   				68				21				55				76
144			2895   				114				0				30				30
144			2881   				112				2				30				32
144			2740   				92				0				52				52
145			2207   				26				93				26				119
145			2770   				96				47				2				49
145			2731   				91				0				54				54
145			2829   				103				6				36				42
145			2729   				91				0				54				54
146			417   				53				32				61				93
146			2425   				52				20				74				94
146			2347   				40				32				74				106
146			2831   				103				0				43				43
146			2722   				90				0				56				56
147			2604   				75				62				10				72
147			2708   				89				0				58				58
147			2819   				101				1				45				46
148			996   				135				0				13				13
148			2826   				103				44				1				45
148			2704   				89				58				1				59
148			2698   				88				0				60				60
149			2690   				86				0				63				63
150			994   				135				4				11				15
150			2435   				53				52				45				97
150			2815   				101				47				2				49
150			2696   				88				61				1				62
151			2812   				100				0				51				51
152			983   				134				0				18				18
153			2685   				86				65				2				67
153			2683   				86				65				2				67
153			2807   				100				51				2				53
153			2643   				79				6				68				74
154			189   				25				13				116				129
154			2432   				53				20				81				101
154			2434   				53				20				81				101
154			2799   				99				0				55				55
154			2632   				78				0				76				76
155			136   				19				9				127				136
155			583   				80				25				50				75
155			2782   				97				57				1				58
156			978   				133				0				23				23
156			2437   				53				20				83				103
156			2438   				53				20				83				103
156			2595   				75				27				54				81
156			2707   				89				17				50				67
156			2532   				67				37				52				89
156			2638   				79				75				2				77
156			2779   				96				0				60				60
157			316   				42				25				90				115
157			195   				25				16				116				132
157			2977   				122				2				33				35
157			2628   				78				78				1				79
157			2621   				77				0				80				80
157			2775   				96				0				61				61
158			2613   				76				0				82				82
159			974   				133				14				12				26
159			2415   				51				17				91				108
159			2607   				76				82				1				83
159			2753   				93				0				66				66
160			2443   				54				21				85				106
160			2274   				33				0				127				127
160			2598   				75				0				85				85
160			2743   				92				0				68				68
161			2541   				68				54				39				93
161			2933   				117				31				13				44
161			2594   				75				84				2				86
161			2583   				73				87				1				88
161			2736   				91				0				70				70
161			2575   				71				0				90				90
162			973   				133				16				13				29
162			2446   				54				21				87				108
162			2447   				54				21				87				108
163			65   				10				3				150				153
163			22   				4				1				158				159
163			59   				10				2				151				153
163			2140   				18				3				142				145
163			2730   				91				0				72				72
163			2567   				70				0				93				93
164			2249   				30				32				102				134
164			2726   				91				71				2				73
164			2565   				70				92				2				94
164			2720   				90				0				74				74
165			288   				39				24				102				126
166			2261   				31				6				129				135
166			2562   				70				94				2				96
166			2554   				69				0				97				97
167			624   				86				22				59				81
167			242   				33				18				116				134
167			971   				133				19				15				34
167			2706   				89				0				78				78
167			2700   				88				0				79				79
167			2546   				68				0				99				99
167			969   				133				31				3				34
168			628   				87				21				60				81
168			2231   				29				128				11				139
169			2459   				55				23				91				114
169			2573   				71				47				51				98
169			2551   				69				98				2				100
169			2534   				67				0				102				102
170			2697   				88				80				2				82
170			2540   				68				100				2				102
171			2969   				122				8				41				49
171			2695   				88				82				1				83
171			2688   				86				0				85				85
171			2525   				65				0				106				106
172			2348   				40				77				55				132
172			2530   				67				2				103				105
172			2528   				67				103				2				105
173			2702   				88				8				77				85
173			2365   				44				49				80				129
173			2488   				61				111				1				112
174			970   				133				25				16				41
174			2642   				79				11				84				95
174			2485   				61				111				2				113
174			2456   				55				0				119				119
174			2684   				86				86				2				88
175			696   				93				26				56				82
175			289   				39				25				111				136
175			2267   				33				12				130				142
175			2442   				54				0				121				121
175			2436   				53				0				122				122
176			298   				41				24				111				135
176			307   				41				25				110				135
176			292   				39				25				112				137
176			153   				20				9				147				156
176			2661   				83				2				91				93
176			36   				8				2				166				168
177			2440   				54				121				2				123
178			15   				4				1				173				174
178			2809   				100				10				68				78
178			2680   				84				18				76				94
178			2426   				52				0				126				126
179			2465   				57				8				114				122
179			2430   				53				124				2				126
179			2398   				48				2				129				131
179			2649   				81				1				97				98
180			323   				43				28				109				137
180			2307   				36				53				91				144
180			2394   				47				0				133				133
180			2389   				47				0				133				133
180			2644   				79				1				100				101
181			2763   				94				77				10				87
181			2383   				46				0				135				135
181			2381   				46				0				135				135
182			86   				13				4				165				169
182			302   				41				24				117				141
182			2640   				79				102				1				103
182			2387   				47				133				2				135
183			769   				101				28				54				82
183			352   				45				27				111				138
183			967   				132				0				51				51
183			497   				67				27				89				116
183			2635   				78				0				105				105
184			123   				18				58				108				166
184			2880   				112				60				12				72
184			2379   				46				136				2				138
185			733   				98				27				60				87
185			2759   				94				42				49				91
185			2486   				61				84				40				124
185			2377   				46				138				1				139
185			2374   				46				138				1				139
186			81   				13				3				170				173
187			949   				130				0				57				57
187			572   				78				26				83				109
187			2285   				34				99				54				153
187			2629   				78				106				3				109
188			251   				35				18				135				153
188			2560   				69				38				81				119
188			2981   				124				42				22				64
188			2364   				44				142				2				144
188			2358   				43				0				145				145
188			2352   				43				0				145				145
189			2251   				30				124				35				159
189			2622   				77				0				112				112
190			460   				61				28				101				129
190			922   				123				0				67				67
190			2393   				47				12				131				143
190			2732   				91				0				99				99
190			2337   				39				0				151				151
190			2332   				39				0				151				151
190			2326   				38				0				152				152
191			2310   				37				0				154				154
192			711   				95				25				72				97
192			273   				37				25				130				155
192			2592   				73				76				43				119
192			2620   				77				113				2				115
192			2320   				38				0				154				154
192			2612   				76				0				116				116
192			2286   				35				0				157				157
193			507   				68				27				98				125
193			944   				127				1				65				66
193			2760   				94				20				79				99
193			2283   				34				0				159				159
194			924   				123				26				45				71
194			2600   				75				0				119				119
194			2597   				75				118				1				119
195			530   				72				25				98				123
195			2788   				97				36				62				98
195			2256   				31				36				128				164
195			2279   				34				159				2				161
195			2242   				30				3				162				165
196			2757   				93				23				80				103
196			2452   				55				21				120				141
196			2919   				116				31				49				80
196			2586   				73				0				123				123
196			2227   				28				0				168				168
196			2572   				71				0				125				125
197			354   				46				30				121				151
197			571   				78				26				93				119
197			2455   				55				21				121				142
197			2217   				27				0				170				170
198			952   				130				23				45				68
198			374   				47				32				119				151
198			2222   				28				168				2				170
198			2179   				23				0				175				175
199			942   				127				56				16				72
199			2582   				71				14				114				128
199			2570   				70				0				129				129
199			2566   				70				0				129				129
199			2168   				22				0				177				177
200			248   				35				18				147				165
200			260   				36				22				142				164
200			2996   				125				49				26				75
200			2993   				125				17				58				75
200			2105   				13				0				187				187
201			654   				89				22				90				112
201			2808   				100				71				30				101
201			2177   				23				176				2				178
201			2159   				21				0				180				180
201			13   				4				0				197				197
202			2564   				70				130				2				132
203			909   				122				0				81				81
203			2965   				121				27				55				82
203			2101   				13				188				2				190
203			2085   				9				0				194				194
203			881   				117				26				60				86
204			481   				64				28				112				140
204			2553   				69				13				122				135
204			2552   				69				0				135				135
204			2075   				8				0				196				196
205			907   				122				26				57				83
205			2081   				9				195				1				196
206			346   				45				26				135				161
206			2879   				110				33				63				96
206			2561   				70				134				2				136
206			2549   				68				0				138				138
207			750   				100				26				81				107
207			538   				72				27				108				135
207			804   				107				27				73				100
207			2725   				90				30				87				117
207			2448   				54				19				134				153
207			2010   				1				205				1				206
208			954   				130				23				55				78
208			901   				121				0				87				87
208			2659   				81				87				40				127
208			2671   				84				69				55				124
208			2259   				31				44				133				177
208			2014   				2				204				2				206
208			473   				63				28				117				145
209			803   				106				27				76				103
209			465   				63				53				93				146
209			2004   				1				206				2				208
209			2544   				68				139				2				141
210			227   				31				20				159				179
210			825   				108				28				74				102
210			638   				87				22				101				123
210			162   				21				13				176				189
210			556   				75				25				110				135
210			2773   				96				2				112				114
210			2003   				1				208				1				209
210			2535   				67				0				143				143
211			453   				61				28				122				150
211			435   				56				31				124				155
211			422   				55				32				124				156
211			651   				89				22				100				122
211			985   				134				21				56				77
211			2524   				65				1				145				146
211			2460   				55				22				134				156
211			2001   				1				208				2				210
211			2006   				1				209				1				210
212			863   				115				26				71				97
212			264   				36				23				153				176
212			757   				100				28				84				112
212			2481   				58				82				72				154
212			2466   				57				20				135				155
212			2627   				78				29				105				134
212			2529   				67				144				1				145
212			2499   				62				4				146				150
213			474   				64				28				121				149
213			182   				24				13				176				189
213			280   				38				25				150				175
213			671   				90				25				98				123
213			2292   				35				42				136				178
213			2012   				2				209				2				211
213			2489   				61				0				152				152
213			2020   				2				0				211				211
214			502   				67				28				119				147
214			517   				68				27				119				146
214			306   				41				24				149				173
214			2939   				118				3				93				96
214			2017   				2				210				2				212
215			756   				100				27				88				115
215			336   				44				27				144				171
215			929   				124				25				66				91
215			536   				72				25				118				143
215			934   				124				25				66				91
215			2502   				62				103				50				153
215			2474   				58				20				137				157
215			2204   				26				0				189				189
215			2025   				3				0				212				212
215			2033   				4				0				211				211
215			2041   				4				0				211				211
216			320   				43				54				119				173
216			988   				134				22				60				82
216			899   				121				78				17				95
216			2479   				58				91				67				158
216			2752   				93				94				29				123
216			2487   				61				154				1				155
216			2462   				57				3				156				159
216			2050   				5				0				211				211
217			992   				135				22				60				82
217			253   				35				21				161				182
217			2478   				58				20				139				159
217			2804   				100				36				81				117
217			2046   				5				0				212				212
218			844   				113				27				78				105
218			673   				91				25				102				127
218			2450   				54				50				114				164
218			2385   				47				39				132				171
218			2074   				8				0				210				210
218			2076   				8				0				210				210
219			510   				68				27				124				151
219			686   				92				26				101				127
219			317   				42				26				151				177
219			916   				123				26				70				96
219			2647   				79				31				109				140
219			2463   				57				160				2				162
219			2457   				55				0				164				164
220			2079   				9				209				2				211
220			148   				20				9				191				200
221			816   				108				27				86				113
221			147   				20				8				193				201
221			890   				117				0				104				104
221			2859   				107				42				72				114
221			2084   				9				210				2				212
221			2090   				10				2				209				211
222			938   				127				24				71				95
222			904   				122				26				74				100
222			2998   				125				0				97				97
222			2873   				110				41				71				112
222			2451   				55				0				167				167
222			2104   				13				0				209				209
222			2441   				54				0				168				168
222			2107   				13				0				209				209
223			986   				134				21				68				89
223			838   				113				27				83				110
223			579   				80				24				119				143
223			2110   				14				0				209				209
223			2122   				15				2				206				208
224			114   				16				6				202				208
224			882   				117				26				81				107
224			762   				101				28				95				123
224			2991   				125				4				95				99
224			2482   				58				21				145				166
224			2439   				53				0				171				171
225			887   				117				2				106				108
225			2414   				51				14				160				174
225			2433   				53				170				2				172
225			2133   				18				2				205				207
226			2550   				69				1				156				157
226			2429   				53				171				2				173
226			2157   				21				0				205				205
227			2427   				52				0				175				175
227			2165   				22				0				205				205
227			2424   				52				0				175				175
228			2176   				23				204				1				205
228			2407   				51				0				177				177
228			2180   				23				0				205				205
229			2633   				78				108				43				151
229			2492   				61				20				148				168
229			2493   				61				20				148				168
229			2839   				104				115				10				125
229			2198   				26				0				203				203
229			2401   				48				1				180				181
230			2495   				62				20				148				168
230			2845   				104				9				117				126
230			2558   				69				23				138				161
230			2178   				23				205				2				207
230			2205   				26				0				204				204
230			2400   				48				1				181				182
230			2216   				27				0				203				203
230			875   				116				105				9				114
231			2599   				75				44				112				156
231			2218   				27				0				204				204
232			878   				116				0				116				116
232			2949   				120				55				57				112
233			2569   				70				24				139				163
233			2397   				48				183				2				185
233			2392   				47				0				186				186
234			2656   				81				16				137				153
234			2496   				62				20				152				172
234			2221   				28				204				2				206
234			2223   				28				204				2				206
234			2388   				47				0				187				187
234			2237   				29				0				205				205
235			2609   				76				4				155				159
235			2497   				62				20				153				173
235			2498   				62				20				153				173
235			2290   				35				44				156				200
235			2384   				46				0				189				189
235			2269   				33				0				202				202
235			2382   				46				0				189				189
236			2905   				115				45				76				121
236			2501   				62				20				154				174
236			2531   				67				86				83				169
236			2296   				35				0				201				201
237			2473   				58				81				98				179
237			2282   				34				201				2				203
237			2315   				37				0				200				200
237			2316   				37				0				200				200
238			876   				116				104				18				122
238			2954   				120				17				101				118
238			2380   				46				190				2				192
238			2321   				38				0				200				200
238			2327   				38				0				200				200
239			2840   				104				126				9				135
239			2270   				33				59				147				206
239			2336   				39				0				200				200
240			874   				116				110				14				124
240			2989   				124				0				116				116
240			2681   				84				60				96				156
240			2378   				46				192				2				194
240			2340   				39				0				201				201
241			2596   				75				83				83				166
241			2335   				39				95				107				202
241			2514   				64				104				73				177
241			2375   				46				193				2				195
241			2341   				40				2				199				201
242			866   				115				0				127				127
242			2913   				116				56				70				126
242			2719   				90				1				151				152
242			2342   				40				200				2				202
243			2634   				78				44				121				165
243			2877   				110				60				73				133
243			2416   				51				10				182				192
243			2368   				44				197				2				199
243			2353   				43				0				200				200
244			2715   				90				107				47				154
245			2428   				52				33				160				193
245			2472   				57				75				113				188
245			2362   				43				0				202				202
246			2333   				39				6				201				207
246			2557   				69				120				57				177
247			2703   				88				105				54				159
247			2506   				64				19				164				183
247			2507   				64				19				164				183
247			2959   				121				31				95				126
248			859   				115				117				16				133
248			2828   				103				108				37				145
248			2508   				64				19				165				184
248			2512   				64				19				165				184
248			2584   				73				158				17				175
248			2785   				97				78				73				151
249			2737   				92				99				58				157
249			2515   				64				19				166				185
249			2361   				43				27				179				206
250			857   				114				0				136				136
250			2617   				77				18				155				173
250			2985   				124				46				80				126
251			2538   				67				31				153				184
252			2510   				64				26				162				188
252			2884   				112				79				61				140
253			2824   				101				8				144				152
253			2728   				91				56				106				162
254			2519   				65				90				99				189
254			2673   				84				66				104				170
254			2966   				121				84				49				133
255			2816   				101				154				0				154
255			2412   				51				6				198				204
256			2897   				114				99				43				142
256			2679   				84				34				138				172
256			2699   				88				82				86				168
256			2909   				115				136				5				141
257			2811   				100				101				56				157
257			2626   				77				116				64				180
258			2491   				61				10				187				197
258			2602   				75				63				120				183
259			2992   				125				55				79				134
260			2454   				55				126				79				205
260			2836   				104				103				53				156
261			853   				114				122				25				147
261			849   				114				125				22				147
261			2818   				101				45				115				160
262			2724   				90				74				98				172
262			2516   				64				20				178				198
262			2701   				88				33				141				174
263			2614   				76				105				82				187
263			2669   				83				132				48				180
264			845   				113				0				151				151
264			2200   				26				9				229				238
265			2281   				34				125				106				231
265			2527   				65				104				96				200
266			2813   				100				28				138				166
266			2517   				65				19				182				201
266			2359   				43				161				62				223
266			2226   				28				30				208				238
267			2835   				103				121				43				164
267			800   				106				0				161				161
268			824   				108				0				160				160
268			2960   				121				99				48				147
268			2277   				34				189				45				234
269			2938   				118				44				107				151
269			2639   				79				2				188				190
269			2798   				99				107				63				170
270			2903   				115				145				10				155
270			2520   				65				20				185				205
270			2509   				64				147				59				206
270			2746   				92				136				42				178
271			2925   				117				75				79				154
271			2864   				107				120				44				164
271			2955   				120				148				3				151
272			2838   				104				133				35				168
272			2958   				121				123				28				151
273			2891   				114				66				93				159
273			2521   				65				21				187				208
274			2522   				65				21				188				209
275			2526   				65				21				189				210
276			830   				109				0				167				167
279			2537   				67				23				189				212
280			2539   				68				22				190				212
281			2547   				68				22				191				213
288			2555   				69				24				195				219
295			2563   				70				27				198				225
296			2568   				70				27				199				226
296			2574   				71				27				198				225
297			2577   				71				27				199				226
297			2579   				71				27				199				226
301			2580   				71				28				202				230
302			2585   				73				26				203				229
304			2590   				73				27				204				231
304			2593   				73				27				204				231
305			2601   				75				27				203				230
306			2603   				75				27				204				231
308			2606   				76				27				205				232
310			2608   				76				28				206				234
311			2611   				76				28				207				235
311			2615   				76				28				207				235
316			2619   				77				29				210				239
317			2623   				77				29				211				240
317			2624   				77				29				211				240
318			2625   				77				29				212				241
321			2630   				78				30				213				243
321			2631   				78				30				213				243
322			2637   				78				31				213				244
324			2641   				79				31				214				245
326			2652   				81				31				214				245
328			2494   				61				20				247				267
334			2660   				83				32				219				251
334			2662   				83				32				219				251
335			2663   				83				32				220				252
339			2665   				83				33				223				256
340			2666   				83				33				224				257
340			2667   				83				33				224				257
342			2672   				84				33				225				258
342			2674   				84				33				225				258
346			2678   				84				34				228				262
350			2518   				65				20				265				285
354			2686   				86				37				231				268
354			2687   				86				37				231				268
355			2689   				86				37				232				269
358			2710   				89				37				232				269
358			2711   				89				37				232				269
359			2712   				89				37				233				270
359			2714   				89				37				233				270
360			2716   				90				37				233				270
361			2542   				68				22				271				293
361			2733   				91				37				233				270
362			2734   				91				37				234				271
362			2735   				91				39				232				271
363			2738   				92				38				233				271
363			2739   				92				39				232				271
365			2744   				92				39				234				273
365			2748   				93				38				234				272
366			2751   				93				38				235				273
367			2755   				93				39				235				274
367			2756   				93				39				235				274
368			2761   				94				38				236				274
368			2764   				94				40				234				274
369			2766   				94				40				235				275
369			2767   				94				40				235				275
370			2768   				94				41				235				276
370			2771   				96				39				235				274
371			2772   				96				39				236				275
371			2774   				96				39				236				275
372			2777   				96				42				234				276
372			2778   				96				42				234				276
373			2781   				97				43				233				276
373			2784   				97				43				233				276
375			2792   				99				44				232				276
375			2794   				99				45				231				276
376			2795   				99				45				232				277
376			2796   				99				45				232				277
378			2803   				100				50				228				278
379			2805   				100				50				229				279
379			2806   				100				52				227				279
380			2825   				103				56				221				277
381			2827   				103				56				222				278
382			2842   				104				65				213				278
382			2843   				104				68				210				278
383			2844   				104				68				211				279
383			2846   				104				68				211				279
384			2616   				77				28				279				307
384			2847   				106				93				185				278
385			2849   				106				95				184				279
386			2850   				106				96				184				280
388			2618   				77				29				282				311
391			2636   				78				30				283				313
394			2889   				112				111				171				282
394			2655   				81				31				282				313
395			2657   				81				32				282				314
395			2658   				81				32				282				314
396			2892   				114				117				165				282
397			2896   				114				119				164				283
397			2899   				114				119				164				283
398			2901   				114				120				164				284
398			2902   				115				121				162				283
399			2904   				115				122				162				284
399			2908   				115				122				162				284
400			2911   				115				123				162				285
401			2664   				83				32				286				318
401			2914   				116				125				160				285
402			2915   				116				125				161				286
402			2916   				116				126				160				286
403			2917   				116				126				161				287
403			2918   				116				127				160				287
404			2921   				116				127				161				288
404			2922   				116				128				160				288
408			2675   				84				34				290				324
409			2947   				120				137				152				289
409			2950   				120				138				151				289
410			2953   				120				140				150				290
412			2961   				121				143				148				291
414			2976   				122				147				145				292
415			2682   				86				37				292				329
416			2979   				124				148				144				292
416			2983   				124				149				143				292
417			2693   				88				37				292				329
418			2694   				88				37				293				330
418			2721   				90				37				291				328
419			2741   				92				39				288				327
419			2742   				92				39				288				327
420			2750   				93				38				289				327
420			2786   				97				44				279				323
421			2790   				97				44				280				324
421			2797   				99				46				276				322
422			2801   				99				46				277				323
422			2802   				99				46				277				323
423			2822   				101				53				269				322
423			2830   				103				57				263				320
424			2848   				106				94				224				318
424			2851   				106				97				221				318
425			2855   				106				98				221				319
425			2856   				106				99				220				319
426			2858   				107				102				217				319
426			2861   				107				102				217				319
427			2862   				107				103				217				320
427			2863   				107				103				217				320
428			2867   				107				104				217				321
428			2870   				110				105				213				318
429			2871   				110				106				213				319
429			2885   				112				108				209				317
430			2887   				112				109				209				318
430			2888   				112				110				208				318
431			2894   				114				118				199				317
431			2912   				115				123				193				316
432			2929   				117				129				186				315
432			2931   				117				129				186				315
433			2937   				118				132				183				315
433			2940   				118				133				182				315
434			2941   				118				133				183				316
434			2942   				118				134				182				316
435			2944   				118				135				182				317
435			2951   				120				139				176				315
436			2956   				120				141				175				316
436			2957   				121				142				173				315
437			2967   				121				144				172				316
437			2968   				122				145				170				315
438			2970   				122				146				170				316
438			2974   				122				146				170				316
439			2978   				122				147				170				317
439			2999   				125				149				165				314

War ended at time step: 439
Battle Result : Win
			Earth Forces
 ES count : 0		ET count : 211		EG count : 625
	ES_Destructed/ ES_Total = 100%
	ET_Destructed/ ET_Total = 13.1687%
	EG_Destructed/ EG_Total = 0%
	ES_Infected_Healed/ ES_Total = 88.2883%

Total_Destructed/ Total units = 14.6067%

	Average Df, Dd, Db respectively = 23.4825, 94.8182, 119.664

			Alien Forces
 AS count : 0		AD count : 0		AM count : 0
	AS_Destructed/ AS_Total = 100%
	AD_Destructed/ AD_Total = 100%
	AM_Destructed/ AM_Total = 100%

Total_Destructed/ Total units = 100%

	Average Df, Dd, Db respectively = 34.149, 79.56, 113.709
